2 0.20930463576158942 0.5993377483443709 0.09219370860927156 0.09602649006622528
0 0.13393004966887417 0.5099337748344371 0.028654801324503314 0.03973509933774835
2 0.64224130794702 0.5637417218543047 0.031146523178807967 0.044701986754966894
0 0.6690273178807948 0.5149006622516556 0.012458609271523074 0.019867549668874104
4 0.08970198675496689 0.4602649006622517 0.17940397350993378 0.043046357615894024
4 0.7001738410596028 0.4900662251655629 0.074751655629139 0.019867549668874246
3 0.203698261589404 0.5165562913907285 0.10091473509933778 0.04304635761589409
3 0.6360120033112584 0.521523178807947 0.04360513245033111 0.023178807947019705
1 0.7045343543046357 0.5604304635761589 0.21553394039735096 0.20695364238410596
1 0.1457657284768212 0.5670529801324503 0.2915314569536424 0.31953642384105957
