2 0.5452538631346578 0.31291390728476826 0.11479028697571741 0.05298013245033111
0 0.445916114790287 0.2541390728476821 0.06181015452538631 0.05132450331125824
0 0.25938189845474613 0.26572847682119205 0.04194260485651213 0.0314569536423841
2 0.17328918322295805 0.32367549668874174 0.11258278145695363 0.05794701986754966
4 0.3487858719646799 0.21274834437086093 0.1545253863134658 0.034768211920529805
3 0.5386313465783664 0.26490066225165565 0.14569536423841056 0.03973509933774835
4 0.17549668874172183 0.27069536423841056 0.1479028697571744 0.03476821192052977
1 0.21523178807947022 0.29552980132450335 0.35982339955849896 0.28642384105960267
1 0.5055187637969095 0.29139072847682124 0.37086092715231783 0.3145695364238411
1 0.37196467991169974 0.30711920529801323 0.7130242825607063 0.3062913907284768
