2 0.24834437086092712 0.38079470198675497 0.14403973509933773 0.08278145695364245
2 0.6941225165562913 0.5455298013245033 0.05960264900662253 0.10430463576158935
0 0.7475165562913907 0.4312913907284768 0.027317880794702064 0.03807947019867548
0 0.13410596026490065 0.2632450331125828 0.03476821192052979 0.06622516556291394
4 0.8213990066225165 0.37831125827814566 0.09561258278145686 0.041390728476821154
4 0.050910596026490056 0.19453642384105962 0.10182119205298011 0.07450331125827812
3 0.24089403973509932 0.29304635761589404 0.14155629139072842 0.07947019867549666
3 0.6978476821192052 0.4552980132450331 0.09685430463576168 0.05629139072847686
1 0.16142384105960264 0.35264900662251664 0.3228476821192053 0.5529801324503312
1 0.7955298013245033 0.5140728476821192 0.4089403973509934 0.43543046357615883
