2 0.5538079470198676 0.5149006622516556 0.042218543046357485 0.0794701986754967
2 0.17818708609271522 0.3675496688741722 0.07822847682119204 0.09933774834437084
0 0.6028559602649006 0.429635761589404 0.021109271523178846 0.034768211920529805
0 0.09250827814569536 0.25 0.04842715231788079 0.07284768211920532
4 0.6481788079470198 0.3774834437086092 0.06456953642384114 0.023178807947019847
4 0.03352649006622516 0.173841059602649 0.06705298013245033 0.023178807947019847
3 0.17570364238410596 0.27400662251655633 0.10802980132450331 0.06456953642384104
3 0.546978476821192 0.44039735099337746 0.07822847682119204 0.05960264900662253
1 0.1496274834437086 0.3302980132450331 0.2992549668874172 0.4652317880794702
1 0.5879552980132451 0.4933774834437085 0.24213576158940392 0.40728476821192044
